ObjID ra dec z
Mrk477 220.1587371826172 53.50440979003906 0.03772599995136261 1
NGC450	18.87684 -0.86097 0.005874
NGC3982	179.1172 55.12524 0.003699
SDSS 254.30315 32.19484 0.038348
PG1612+261 243.5550079345703 26.071170806884766 0.1309880018234253
NGC3227 243.5550079345703 26.071170806884766 0.003859
MRK926 346.18115234375 -8.68572998046875 0.04686
MRK996 21.89803068 -6.32653388 0.005410
PG1259+593 195.30381877 59.0351832 0.477800
MRK817 219.09285 58.790955 0.031455
MRK290 233.96835 57.902639 0.029577
NGC4194 183.53945 54.526858 0.00817774 1
NGC3227 220.1587371826172 53.50440979003906 0.003859
Q0052-0038i 1 1 0.16738
cg922 1 1 0
CygA 1 1 0.056075 0
MRK34 1 1 0.0509526 1
NGC4194 183.53945 54.526858 0.00817774 1
Q0052-0038i 1 1 0.16738 1
NGC7469 1 1 0.014318374681 1
SDSS 254.30315 32.19484 0.038348 1
NGC5252 1 1 0.022975 0
MRK198 1 1 0.024220 1
3C033 1 1 0.059700 1
3C098 1 1 0.030454 1
3C327 1 1 0.104800 1
3C433 1 1 0.1026 1


"MCG +00-02-002" 4.947239875793457 0.5907599925994873 0.017804 1
"2MASX J00440431+0002391" 11.01809024810791 0.04408000037074089 0.066187 1
"2MFGC 00638" 13.233369827270508 15.785539627075195 0.052051 1

"2MASX J01095132+0002460" 17.463930130004883 0.046229999512434006 0.085659 1
"2MASX J00384309+0034512" 9.679450035095215 0.581059992313385 0.043031 1
"2MASXi J0112164+143443" 18.0687198638916 14.578539848327637 0.094265 1
"KUG 0028+000" 7.740479946136475 0.3675999939441681 0.068422 1
"2MASX J00165522-0027390" 4.229939937591553 -0.46086999773979187 0.064529 1
"2MASX J00475976+1344343" 11.999119758605957 13.74269962310791 0.056573 1
"MCG +00-02-007" 5.144579887390137 -0.47075000405311584 0.071683 1
"2MASX J00291312+1423407" 7.304679870605469 14.394570350646973 0.094344 1
"SDSS J005051.46-084100.0" 12.714420318603516 -8.68336009979248 0.09654 1
"NGC 0426" 18.202529907226562 -0.2901900112628937 0.017343 1
"2MASX J00343410+1526096" 8.64214038848877 15.43591022491455 0.093003 1
"2MASX J00013021-0014459" 0.376010000705719 -0.2462500035762787 0.088797 1
"SDSS J011016.00+150515.9" 17.566680908203125 15.087750434875488 0.059716 1
"2MASX J00471443+1524143" 11.810090065002441 15.404000282287598 0.078623 1
"2MASX J00581700+0022566" 14.570929527282715 0.38231998682022095 0.079621 1
"SDSS J001108.99+003846.4" 2.787480115890503 0.6462399959564209 0.06515000015497208 1
"2MASX J00504888+0039318" 12.703940391540527 0.6587200164794922 0.06748700141906738 1
"2MASX J01071663-0038370" 16.81926918029785 -0.6437100172042847 0.044477999210357666 1
"2MASX J01021132+1430215" 15.547209739685059 14.50609016418457 0.05711299926042557 1
"2MASX J00255103+0031283" 6.46258020401001 0.5245199799537659 0.06453800201416016 1
"KUG 0028+000" 7.740479946136475 0.3675999939441681 0.06842199712991714 1

"SDSS J003755.01+151546.0" 9.479220390319824 15.262789726257324 0.08703099936246872 1
"NGC 0291" 13.374670028686523 -8.767800331115723 0.019029000774025917 1

"FGC 0061" 8.681289672851562 -0.04075000062584877 0.04219900071620941 1
"SDSS J002312.34+003956.3" 5.8014302253723145 0.66566002368927 0.07252100110054016 1
"2MASX J00471794+1532314" 11.824799537658691 15.54224967956543 0.07990700006484985 1
"SDSS J005051.46-084100.0" 12.714420318603516 -8.68336009979248 0.09653999656438828 1
"MRK 0955" 9.399189949035645 0.2806900143623352 0.0350009985268116 1
"SDSS J004335.93+151124.0" 10.899749755859375 15.190030097961426 0.079196996986866 1
"UGC 00615" 14.917140007019043 15.33098030090332 0.018369000405073166 1
"2MFGC 00913" 18.38775062561035 0.4966700077056885 0.04416700080037117 1
"2MASX J01123792+0005109" 18.157960891723633 0.08631999790668488 0.06783299893140793 1
"2MASX J00102892+0103010" 2.62037992477417 1.0503699779510498 0.08035299926996231 1


NGC4194 183.53945 54.526858 0.00817774 1
circinus 183.53945 54.526858 -0.000467657023081 1
Q0052-0038i 1 1 0.16738 1
cg922 1 1 0 1